5448 798
435011167
176216496
714708656
552149282
772230502
862790048
562618417
927227545
196198152
799783216
918110193
636204963
54678766
838190095
57373146
384360493
419173203
593984214
119450158
472786729
134438063
488269715
869205480
51047882
599561950
587887097
278777260
643253058
222099190
693898223
387574473
547263363
834844348
120116967
56035461
234718990
221941064
675965281
317409352
218693561
428057439
733700234
678616947
49060698
308313483
168768316
184398872
845962166
443939446
712466163
80474983
7996398
348716980
510846881
452991502
394514183
311282762
840356080
867731307
796034944
439566891
231556699
105841020
514864054
980601960
68638690
89122546
585235247
719730846
8456056
830444049
978183705
904140353
691412214
697948226
806096788
369220008
253994772
880478114
716713141
532490527
545581830
243341035
16725843
529024878
442883153
7977824
156650055
967277698
899452079
655780914
975320033
133210308
426680515
606538288
327371903
499144660
191740775
886345399
233396463
710837103
275344153
854854387
306727514
250517480
440003972
131017714
628297968
986477234
257483446
147203425
928482344
508023688
45624728
571654167
155114277
537597288
281465164
693043315
390301180
706313120
645091390
143161816
693278334
882457498
994740177
339558883
359245327
903228219
728061895
571222277
781397691
704762699
967600078
576358765
100110863
30297150
256745186
444221260
852767775
774162201
405362495
84490904
382073140
982907959
956879573
440659108
320869276
926529988
275486220
683961758
84140442
833699970
396045325
260455032
248655431
983461430
766339877
898637179
450541883
85778328
861979564
304846525
135423268
142308899
774213769
635587105
177919424
825632460
81407929
399254699
309141477
559315871
712112221
894800575
951387234
422442920
939493581
349873513
252490506
947298399
179296660
368112482
693418999
845496829
504512617
811787488
329206410
590471351
947215594
284082609
6957883
695813322
87555687
632942658
735770831
530313755
180770161
312378175
972061982
135183039
265366756
890169332
735840182
921319734
223699475
575142089
798860565
567532199
68683863
694453510
260166460
975000859
830767349
65971568
549646437
572825966
696322476
212577989
496031407
490676593
776959877
24554400
9929030
191963906
561481649
694699010
712720837
763302591
349214603
822662017
297151507
241574425
725658307
622660305
699794705
585648123
924065928
709638306
898239828
553772583
690882159
55123669
81433960
172025378
201421434
247133751
252011278
194229074
315580547
140555675
110256375
46857847
968003908
679806172
75757847
961296461
24741228
249267309
53722037
774363762
295213546
87234626
734993104
850362586
976729581
58717046
441952621
276180956
69622442
274578015
618844538
612961843
947762916
149094746
878230412
114614485
455938072
250293342
974942224
136304260
390804895
776776175
563252923
527971803
252162107
232174302
530708601
985763968
851152085
156673990
783514646
789771008
247964310
528519628
284142314
120384750
639331589
904935609
277328012
677840863
106988878
819807843
414044758
664794199
872575560
388490528
223851382
451128714
529984834
140401156
755677555
764321673
240500018
638954802
201877751
107824502
160924439
562358432
433860448
280198107
455696028
304427113
823399164
866484598
124153955
851568933
214340953
333126320
774724924
200674346
1160854
218445557
394285134
402912130
299165613
380253712
607042104
25878466
965393608
270186354
805377849
699043443
779399085
929742068
747746060
100429264
368157687
145695631
837535570
25127802
512487273
346281991
19956604
896545303
500327783
79741533
901246910
93582243
143312928
336952304
199139490
147892477
803291894
934375819
63691357
93417186
590920456
7908303
918984370
296988229
215490074
513734157
763209023
100885186
58039019
415039236
61419959
194506598
181786876
95236874
694249926
709798646
378424048
852403063
213733824
84252750
707832882
117425887
581551971
30159095
581424905
791992607
219952640
890981028
718356897
358078876
912191153
452885980
844179140
434015504
509244719
120545140
596234079
324535014
499113644
911451435
893561153
927801526
243457192
901962444
810226470
604855395
738770112
426443147
940105594
790966840
874984411
832389051
366434052
997025582
498162760
652593152
442010042
62951352
721052655
33695038
191844706
740985293
688257034
813588867
869691612
528928602
544355151
249470324
545002778
271852288
949288606
364326131
886212872
702850268
902810197
199573174
309514810
450119917
501215487
467560311
256316298
963712131
332776167
401139051
119949036
681463283
304793798
731406966
530803602
541904462
899262586
561592782
774367044
464116433
435027948
202125545
336295084
585950513
814657748
651996181
895332952
862298866
444378612
240022613
42165543
321209074
454841777
885220849
259530669
754837905
625840012
86925742
203995559
51143499
299963369
426487489
137818862
758367999
138211619
435632862
362974927
406588213
509184241
140214134
965038260
761116116
281916258
874918716
339956262
529694764
401294377
559755921
46972079
285355219
88416015
538952295
157777059
70833114
882292007
87981131
830234548
596208928
26734735
412558227
846712886
165398336
434801813
592954438
930747114
638290307
351064817
143449929
795327692
777608018
23418517
137179995
308781914
127225054
382147820
713592666
614794457
666441510
921540794
677215952
434661046
886948322
795337350
462126571
707487495
595791539
766481831
911087040
394791550
275487478
47175323
757872894
499468203
576870376
434100682
417843539
905912460
934094866
336825397
689437831
962744712
346790609
268356201
583009755
253885687
973772079
46564477
573241415
4269450
244359872
357582444
185168453
33025488
374184506
696668223
495898345
67057216
322092386
894557603
712317478
970037415
138611035
825711295
952842173
836393836
842932834
475518378
538647983
617849204
906566492
858153519
892622245
947254564
109889502
602544313
82836020
195926968
579963862
675776011
147592377
956427501
326665531
849437732
143096670
339764649
224904154
364851889
842539770
817341365
827307995
252046845
387423592
970529587
861724020
523400288
199211569
504595052
782085204
481524827
496540198
504892897
478797494
258399329
205213135
647180011
768782505
712694719
313642717
504506731
197084015
153328285
72378723
654427377
376470333
843287090
950754193
916366293
405525403
9886540
767656446
149961966
265118880
294621358
245351622
790553598
694873053
286089200
347654886
734004021
69659352
44010023
690862777
336381104
568121865
796519476
652773955
14276450
942722433
46075690
588336573
601890480
877860592
324458296
975727138
87633125
836397939
817417639
491532821
31123062
578073165
515237207
319876249
649637535
166092160
933538759
110003597
699228147
470176343
165898713
258532432
360802457
915061748
684111177
526337866
98225778
813321424
214521099
479561541
448907849
985374271
901570949
566086864
668660250
867436963
394439590
736902339
469062270
400039400
892886922
74615725
910886633
450715850
329627322
443423949
480592165
974279591
987874064
422471064
818755279
977578871
405820921
971673798
6614565
880807078
90208687
235927859
319422854
90416666
177455259
838785757
288672654
803790286
388377755
60364348
433345111
295389864
990713611
425066208
814605560
803129660
984402124
232554474
350352205
69669713
88668279
856483515
431879694
474218572
703499875
92418934
477683382
527292854
887963747
120722500
335783511
271253479
63168160
929188895
446311159
267564883
134650380
363551920
840772414
964647483
743110776
987395331
464020147
607852479
372599960
766393494
852022019
656606090
568018393
14647135
751403483
210477001
392645882
936762916
558352122
850928867
137530701
405057960
919552432
947388596
532036565
406691756
110037050
815418380
77084015
838871903
741917154
817704477
882608912
402489904
652740770
415869507
8602687
487277328
895263336
675901739
683703585
305909515
483637273
724752982
641580737
480342959
395725807
219390839
824800904
795549438
276839972
653312734
452133324
755453970
851120158
477287108
381412208
923470179
701177668
279091528
476014517
542025457
579589064
552943843
655626965
466420458
655863983
147726507
164547402
746276764
442267741
488716358
794443823
616508899
746019581
55458874
341238492
729280928
241480731
661673369
687321297
831580226
996783552
821725523
686438945
272513016
795987748
991875689
179642855
583502494
21673444
567246905
391677419
510001413
34346298
381812668
344695824
29918617
125711277
349184264
670594306
343671423
279594092
920633209
2975066
526121172
172205632
222935975
104715294
25849153
753430544
17293215
466467355
128658597
586148301
2869143
510445821
496665973
230012427
734840490
925279360
254902831
372323536
873262540
673140193
69281174
820845458
169207378
459698671
727147973
294843996
112463784
316902872
820808574
959922338
625098428
635292126
74717142
449362463
37368428
49740559
675102588
574563047
462436030
65083408
413369934
393423762
68756285
720108218
239329875
135035033
86668461
858984331
417798058
134809618
84312205
748261345
377348680
583974905
340046958
629792489
518196873
752684019
61721416
630825190
342401279
587668093
714389789
671034716
564772556
706482143
942670753
335466934
867088995
68110622
376639955
393371947
671030419
414535149
2783116
78594369
502369409
312331786
908777631
779767409
354876307
193487008
325388507
506771834
539498496
736679530
894440651
208986180
534124095
945530008
467783752
490500010
315948263
399346742
70276502
342935717
933442109
693467118
572631799
781992137
824770766
688187985
196126288
849682303
33209794
785337364
233145915
611737300
483919701
566406481
738551811
441860320
579526661
613672470
617313910
303901723
516758491
96866113
726882634
669150423
445332612
487187048
587464427
842841879
505842685
33458863
765631823
556756215
978896551
807411505
861060056
553583526
468405632
162537226
346730318
67328317
698939242
992134465
181748045
286942648
959050794
62852258
51402430
262042969
460275011
569825252
302883509
658589598
690506347
7616154
892400016
702753729
864841213
349544296
314240051
904296695
907019162
650063883
59074404
655115022
596792263
319134848
121083825
318442219
375516046
511573832
301852493
224569841
507537756
934789482
716707005
805006963
27583120
995210591
969604136
71156263
921562783
912542486
496433400
294059109
426581691
300899220
136698127
697266533
625601847
125222386
149507288
345315771
880042388
975806387
175984327
650969172
2999645
246875404
556320701
950242019
857270495
91209504
61443702
911257689
201980784
229182672
758651369
81779672
744890202
998299560
152739347
613538584
706891519
532279186
19073260
288113957
293925068
169012187
718993940
696364054
606284496
630607430
926791648
23386646
506849685
498477424
53925410
728465305
961202668
253945136
567626561
866793386
969527941
803256575
417670525
705115811
887224768
525957482
488520441
109729195
140224868
523608775
154294658
203355108
729670633
694904153
479762868
856485587
621266077
243773534
522935325
690075239
982837675
233326945
78375164
615572818
961467741
737859653
194310177
796847669
462079616
263228440
652485950
209235663
214225553
922238189
670040430
524802858
959731354
453479065
647588539
843943853
751497318
422884363
775938668
633548105
461234788
75199125
946020758
15851179
471931023
614449777
353701388
350269356
953268603
482671538
443898854
115685551
667265775
143042109
406062377
896799159
207466529
340175394
737226886
592141882
206571980
660147119
888199626
336841316
423814636
179064212
904236678
412454325
446291027
185525576
521693364
1958902
354331141
403379673
644222577
415537359
208266287
607994937
273315350
114418489
742354797
699039034
523612389
330886551
786256056
387426471
682479544
88932996
734724052
290203446
862507439
94937465
798404647
806942228
985808487
421022580
113458936
807822352
472404524
384124443
17560375
537914370
630591931
392501869
802016490
268377099
837808005
232691276
302509413
760119436
779031699
378805260
241876100
105750101
697937928
298894064
390064458
161159491
255072435
752178123
804623142
184838060
228451106
39061317
336539399
176177086
767216884
394299121
537806149
12617745
446665778
76865955
953065590
281745517
8639187
167520343
685858722
626263517
834433685
444960776
495111165
673700962
979308793
761812552
142551011
163584427
797847236
885329353
193325141
918458654
999093997
977658226
344013031
709142228
655980632
13234896
485021692
325459573
610818630
336353245
700216428
117370799
303394030
791347981
815427485
427680434
881131358
188643924
997939494
177803311
170423663
865603439
783908885
140909841
793101257
596558827
756561023
8163969
630497399
734052843
613091165
737982283
660242950
342394955
944337632
686698559
344558947
662180184
436324738
686603872
561427912
444125821
835933841
4201634
412685196
630279271
752411530
770575758
61392006
429923592
657570939
996769560
231291191
618481379
976598696
863112045
204534894
319491952
841052944
439003090
874038642
173673001
948598145
649069436
869518615
224901189
936843378
477849593
187774376
111329387
698772372
973554054
76739966
867719070
51092734
645257389
856585908
510940523
80421744
631115104
624586964
646404742
831306210
293215015
234963915
205487447
387072128
911370651
647940332
351558673
379936104
888207977
65345348
58633291
909531481
648459925
641441804
876400409
77109441
629017707
820871153
10646397
895595421
571382974
490228481
874694135
784504490
246703059
880513913
364877616
782083968
479844227
397591959
912760120
328011311
392278701
162875263
599082293
59838241
619465955
804150124
466534449
465863737
889783029
9517222
713983535
185615906
884983316
944149807
571857731
290273099
276157509
590276461
211647511
861786545
940672863
976505399
811933910
72333409
337187448
832168365
360098719
420092041
979188266
104479723
623296141
900518428
587294050
195999155
682375014
255996712
580038333
354453880
614215278
142012499
348250110
257546153
940053525
233858640
821113058
147275393
705256251
368930479
577360626
76720646
844192348
406522192
682838734
192099241
274088474
708385960
952548618
648322815
571895699
586942190
383524859
225908887
270437230
232006260
684237630
739247894
299414060
789859552
654506415
930089245
832076063
384116342
78011878
984856412
729609944
241057165
465113699
593475003
237147811
49173809
499962224
770903075
230314979
326415154
448313151
87744443
922027613
718254012
109050632
481245712
310977394
51196305
197843429
326858907
649192729
508037953
480221922
59614027
347234659
292931310
361214588
747307674
571383709
886619202
810326309
237451164
620304539
480630648
847760061
309097537
14920240
42120150
869740773
776916234
899429985
790995071
583966095
884988630
560100455
367441913
504972079
758949382
158080514
518428651
729369471
31545421
875804707
457395258
121581040
864103575
650496422
220926443
453555383
51385800
734793653
978595166
989413827
73304569
211778739
94979487
685716724
54520663
734646668
303320855
322228303
570746548
577797315
608963042
760580140
387881002
878757872
878206601
44365983
962198945
703448096
755568307
914525864
568970022
856684260
371822609
203205437
978163483
129380728
870727128
718765262
64048233
347557251
660230894
336672218
647725060
763093568
683599384
487830764
590903612
794364265
719327669
95030817
727546182
814298604
334629183
921921224
742442351
445029318
408552025
594665488
87097797
501177800
755063222
941897377
452970848
990266447
591450173
671734781
962822464
533772949
743949013
193601227
544425628
93334363
931510449
770838224
962152779
302625816
124467772
154019407
493686580
342336761
54924393
292042197
814281245
240837302
959385989
398687980
164889634
6017422
573549334
142004395
566561541
296245924
895738671
193024897
567161763
47975097
7263881
604387049
481162089
142067032
663228910
995357996
282538135
477428832
707666454
668130359
835042406
922026678
375079496
645286156
763590004
649292864
107255597
524365602
792472421
493866156
603606513
813967821
72736409
611332448
175843058
294371600
627990381
435494003
895988101
68872369
532336860
589015083
276142911
739044758
832617839
769012142
544695042
47806235
187264758
743840267
437414263
224319232
91535166
886891490
100100184
743974215
109289840
422996988
751810707
116899721
66795451
941746988
460557349
323202630
227541488
609145265
347753349
250074819
84828146
93497806
875051457
573613789
875788339
768700838
931612998
91338731
138180522
44340403
131156506
86439339
768789167
915502198
975298854
807809824
208025213
782234037
860655655
289737967
449132619
505210612
18198817
31753974
744618994
438407532
8798965
195803355
898258474
806371348
251943207
39473177
549345957
678543041
709209832
809110210
105640941
636435713
505240014
572295217
528873036
160116790
353179245
285330473
879546839
786368062
311579209
788234253
631077528
367668224
483570619
558350557
333314790
420798414
15935977
211704073
530541687
613414698
673786848
933709310
270372204
751052731
228391984
274303068
735932846
497414500
479700145
339110407
340614374
579665686
130054142
145620482
240354151
272955383
488562504
234025938
441326245
456751659
384132282
602479436
408951547
368007006
111566479
67279536
359736613
290263700
692595415
978142405
403484625
29550900
284968332
57626149
705382967
133940481
893580674
108175515
743306983
837410419
368229674
78733089
105637656
254661475
295815850
759670481
53524065
583208673
759675214
827801824
494632752
69494337
963504976
274889975
603390824
98309858
956739172
231140629
419813254
454649974
395346249
331489964
987294716
708240710
353337223
138115946
646263190
698980530
767818747
879163965
170846329
617769038
299863621
153600760
247186663
720918821
811440016
734648267
515551638
815791677
966671627
862638218
228717575
974314492
512617659
853587052
505685001
232135853
108369998
94672081
693496978
461008063
721283208
605951666
491711080
462950324
626885315
822118566
329413751
267290101
40807792
413486346
591457758
791609477
411955375
786232711
940013110
158857387
690926461
421893010
798515915
995764653
968397279
297725891
363710378
644487452
910248057
676337841
614380170
351969645
284179699
770401449
723456277
496415499
628791713
928436514
504127172
955213564
192710629
419337930
983866412
453325896
346466920
695430429
46138589
996836643
853178583
304521341
537080721
968067951
277137753
288428953
746083801
567336390
141110508
947352203
727944109
296144829
979290041
983983879
206038955
320234712
891599542
326886095
868659003
995888599
590595110
553212965
952236931
966339744
567075943
692998524
539704822
179361014
632036641
476738119
448199905
927075804
153216701
759460933
591139388
615647334
630872710
246361560
907594087
150761812
649972201
414297650
295755885
673188341
524975851
988099477
814687994
499171614
519550521
484005669
852963135
398287889
134818266
96076687
785342485
208017991
829300813
245450159
505730793
666502369
170394495
171161200
671318052
813786790
173869212
131422644
940530817
192187223
517625711
285744939
58279894
999345391
37293207
682057214
39160363
475217446
537616773
534260163
565979407
605694814
738795225
246042323
543975469
466528193
717114075
492521305
798296850
649003062
813787737
808999183
897376262
519100286
910468669
797412873
681274871
90621693
711930268
952493874
5261910
933387157
575078135
740055541
97157035
778204654
372563091
326099398
617628685
314001474
105433945
832827059
822399137
597297336
957454012
978797938
378837719
517486335
459441078
425015786
266782238
789672798
362072947
907244583
530715362
347403250
948873155
576037780
259290688
245214229
832791464
161423350
765601341
724723083
744750776
355097790
404727986
404621026
7204409
157373908
87565959
231509308
638608946
184891630
240627745
85652417
305521592
104058432
118121240
685926942
499355571
116896137
700908885
292985362
598689156
681532236
774286697
430227777
22036938
431367117
552983084
966307372
19077772
267546229
703000309
119676120
225142102
364845154
364591792
593384928
417690079
393180933
362459920
874585975
974975134
959749809
348847167
537467801
553038743
545899835
814215394
296031619
665801219
812168923
859150
513574220
119522194
381672131
599952834
155957140
17838896
96269168
987352958
743355068
235312358
275307728
31573094
461115928
689879974
68533716
389527267
960933201
246552483
608261770
745243688
63350325
141877441
513094390
284354896
171541099
721573439
302211401
626988952
470160651
621945241
11574852
298164820
889059279
163395683
742262058
94119001
258943997
52521184
417628887
485508123
892942166
908294992
119637406
31160743
71543711
628797144
96550114
752673565
261640515
611025045
28987448
3124889
598894497
917801967
41084481
747826242
355852484
738635042
883201878
63155598
844420048
407381
201476027
741555151
623703008
506441339
489441241
292253615
526816613
889216232
36415395
504850802
762041034
646324713
221297192
208183315
10584561
421782924
116293864
767918732
432037804
876094870
466657045
118834277
752978504
813376694
452286432
312905071
266235626
822096264
66112743
29428402
419976451
609422460
706206474
148641427
373623913
627785289
139036815
542131050
699685464
422100326
903282370
481683074
473072318
69201382
455606020
481915180
835363250
852397005
995951563
684271648
161048122
702625184
615147225
579927390
825389676
886236313
409150071
294911764
592243058
608174111
338026708
57649483
513577898
176418033
394660459
349150780
101627652
332317052
931105531
944434600
82590687
948343048
467293517
683488462
663131444
726858088
528665116
419646130
438785736
902729228
629622648
488257155
884679528
941822879
602203400
65483808
748817656
320753926
723410996
7982397
874960550
292260357
813821363
526438676
691371740
703430115
603790944
86385725
99432029
865067460
753465658
821156257
294186147
650837101
298712695
575056635
876114687
177217572
660815577
602549204
767982183
501691939
657856519
336592894
530494546
601509365
410533968
682136610
349330853
144064405
988664039
160382601
550760345
539737362
395213411
94716564
449228984
27120256
926277889
240366751
381128251
801633954
127650713
526985657
23500547
411292567
951560244
984621404
228683309
127156728
433999100
450810727
122929188
526804372
142836444
727380778
398328745
888471516
156624275
526940876
469207453
96027014
154332184
290334483
94448412
97880157
202145694
906631479
905479239
539997479
268525883
797445794
208692297
509708869
912865286
667957408
507289199
574456872
428609044
202129960
37720273
731276145
137585337
208705982
368527027
810737071
612712725
268965128
22973470
620587533
371084132
929321595
112087796
433362026
220705176
385619550
214940978
705836714
902537237
397219867
444594914
692046816
392357663
227440755
80938922
628678774
786909343
18662762
641403009
124526379
682283382
699295479
32553732
955555968
4104779
534780251
963653543
821215251
129629427
789375977
959369645
423840986
217557221
394345668
253258397
729899775
707532419
690354838
643340045
597677063
763390202
577968661
101952534
334274896
688993099
58041664
739863523
909832248
852190572
712685763
981907600
513978561
417704292
795589676
891870695
944365145
309220100
107257065
652802113
859776375
390308062
718177081
291690743
635256898
78421742
755086050
519317329
81325358
162986074
969921315
401396728
771626554
134241634
947960909
407970974
645472855
22330310
649295591
776096441
961395242
823654319
556538127
372393900
71211370
259886633
265870094
172518045
419981196
904561610
201194542
50142019
107493246
456965202
657813998
576210893
51119696
915284991
313282887
331736128
905397082
413343937
840012694
549647662
156664975
472440570
211747717
220029102
589877238
676384967
148921791
81816820
416814558
601014754
77409569
455717870
718004516
101917208
645217692
567183031
334295132
753378483
829206365
143943686
147404569
271540223
61307082
482443935
317214740
40052355
217486108
279599407
343426441
72513211
196513789
60699808
323674187
464286969
198079936
365591849
291284137
515822557
646241525
851502771
796243926
999336200
674423105
697363145
752445855
298009463
436020270
662614765
582134354
30003031
592624529
712163377
911731987
56982881
263369294
31843435
92279844
726949637
701853816
717914741
669562694
773807063
911746028
755767387
288888469
280971097
578961449
190123607
665227151
506943083
251299978
819901299
145893587
372304985
298776335
93701955
503814957
313075050
276391963
14616444
92732516
189861764
142123645
907447636
177380330
36439022
298488521
987783780
136429350
301512689
427624918
155245863
688756708
708148584
705924404
835471385
897040692
428509573
196942380
925500759
825511151
942245665
870884926
920966941
222574631
76778016
428535488
647052647
476157826
437116258
824087028
200935681
866131839
697111836
118410900
490712903
31415110
993707236
770358561
508084735
630359024
56390987
717277879
893837204
633092099
274950286
599133632
647261944
906251450
540061046
426213020
147173675
575123830
312506667
887814591
368816075
650144578
972034750
120547494
559611191
635618324
773138686
426188025
502903412
92350604
853361195
987309055
835016050
997019750
876423654
515817507
923572466
406117291
757959868
182955570
237686045
416809832
519140469
593673523
62032793
738393944
465825653
851035083
28211777
71484572
55697050
448212140
389066574
749161600
509296184
519218633
662204950
733119923
116706740
157631025
389782832
849523660
743808637
679644548
771313214
771539609
146579060
751633715
943397877
380085230
361154399
307190284
864267967
963658141
720333602
449965994
957108741
847392575
615942153
864777011
167453052
187410914
511818277
646715253
198560617
538094704
587730455
327861452
842613441
367857657
46330454
394603055
230950191
962771222
963563743
30126144
628989673
883796584
390664372
428520130
132244375
399611202
358916675
321379610
530128579
452349702
661828637
478206038
85548696
822727797
869133849
458348028
549024606
83655947
538084071
811591995
694845786
608229486
80510224
774979641
682778216
587876639
966397099
823457605
923183968
260460000
752104309
876954870
273963690
25821441
431705874
159308481
165183223
686614435
379008181
384420704
171546466
920176577
497424632
699837530
224415722
128273554
273701432
120610428
753956892
122292962
868824068
968274895
278171399
866750412
369182427
975031866
175470563
264476962
798358316
843416731
332699017
944106377
423336734
146371585
233578796
248811265
333963375
133584083
862382012
12133898
224381539
720106307
870201429
121978669
155029771
541690021
423119665
606075518
893970243
426105232
462183090
994580714
970693278
930242949
872978700
409586814
204661903
987291709
536013738
452593231
371387930
551557761
49754582
835525309
704439760
769718237
654073487
808740515
124428768
658057170
69885873
14570392
374072921
883878830
681105638
711558963
259763168
204598201
940945582
12713740
232106935
776367237
997673913
174682555
522043939
293583278
11204888
780528037
642794179
473683671
927785529
946455892
632103013
231277536
972085649
232890520
537222048
675458334
757989962
116655556
24278201
178135815
980651398
804142617
375813576
747582921
851373168
256288472
700037008
203375360
166901567
493202573
601534972
771928001
515790988
689699614
853889458
674485277
873014717
170900001
226921617
102580223
443363607
751946405
608699466
259561293
697243049
808873503
514818347
833740213
5105707
864934601
637749084
312535768
144983808
794733312
457155331
119032717
10829414
143333285
93617831
506798147
455604651
126879258
796844856
927270528
384115442
607570935
505252756
999952050
72247996
313440975
615847747
569764507
33526913
997073995
444030142
131152155
115777560
423849
449371830
492555743
598214299
919340675
776914079
880769561
141290214
313401971
809110068
576272969
274371304
740247288
773151313
191409200
860237980
824657319
522174416
408854723
915396234
917245860
331275516
950509371
323165661
751633066
309050832
254911665
993785060
554134806
999992445
26624782
896811696
32702978
629085357
699003006
328715502
995030731
257686925
497964153
947894520
697954750
166327132
455985126
712361039
487311234
383954813
651977931
587352894
17133898
908205722
543860593
435223394
580015048
313352810
79540879
578695942
306383682
215967486
543340083
225793003
404313298
604106698
470250116
405261594
23740524
71921862
569331672
130463979
123557239
662238337
584742402
543589419
3424080
359459264
305389006
489204554
999050357
949533345
652559904
683745335
987013712
616441330
541002574
499221694
118037538
580280740
656847845
346931292
320874734
453748592
738162326
44478187
521648922
571883145
438439439
135234738
533056205
334397484
856201123
386209376
547759964
10670050
403372794
247548449
783470995
101509729
342560614
960905722
342186871
889122410
739948601
912271876
596004631
494457151
243929248
945732374
895383608
27973605
859453290
493065383
875714558
216000283
352886383
757155892
585392770
808327699
322246860
473565619
188777276
258290932
700061519
767354467
448290126
343862330
259688603
868421218
912449613
329331321
53378554
783224934
249433857
922897229
329336154
499138247
920648987
589942498
188861870
980446084
895651147
895052915
491610788
128186733
303927949
966389973
418504754
919704574
797390740
363727872
755099195
478760207
372612340
39034676
778922611
446478816
859711663
127305701
729496926
582812048
201516964
60549891
523169449
601365908
687645285
863323093
129848585
460639862
148892298
488444207
279572097
866855435
24300289
41438479
739618969
506476320
672720283
661271274
837591016
356081399
444783384
51731709
770356044
4759280
803329875
108309068
734693887
791191082
252564316
511137905
251168193
591371672
522207017
19284022
216662070
864091622
447304353
484350566
987033911
237137410
651950331
190653767
927991982
869743227
441257785
38530408
473321474
817841740
516741567
391268792
678311220
343280297
772949326
724843436
606257786
452698819
684767224
110178838
564496456
517562404
580868240
824503470
361531004
802809040
477908517
398872003
653275548
171837670
322208184
843107196
813754909
781887217
947351880
537889873
767560605
649523088
588013060
545649765
657255351
51601827
537074002
883525854
373742736
98592720
37367485
403191366
673086436
214897107
884066928
657680964
105005234
405499930
255587707
637933467
995880480
584505353
175065000
16406994
486397976
771166106
330768403
983338882
848930736
602121587
3106740
917894196
270178394
338744219
757810736
524432909
738018190
278797194
147180611
18709766
581789666
94622833
900495448
224233762
392890644
745048844
198080426
543176161
514347043
63030314
410564030
70264655
273629637
301127223
756685464
366905187
745334815
619099668
498053843
216207287
610692305
607006085
483682372
610401121
943449512
141294926
103232092
184950504
718334284
703903835
493623263
230315198
818298653
935100407
386490832
178284406
80828615
718236480
486529733
392589263
881069069
405849894
629924140
776755835
485611460
999691446
851617628
166509463
663135246
279574811
429834842
453522013
891675630
976720616
371980071
402640763
188516149
670682991
573171743
626092463
151727255
212928133
273955573
216918095
21754807
815880494
923128461
483237789
179975744
943882996
605150061
116120793
654784267
35219719
206051634
43406952
750445053
249023692
916427372
714168659
147476627
588705216
395066136
635816864
820224636
532197370
761094344
73975609
869667300
850366184
338695689
531766570
80028203
599681411
946293160
232427774
941514111
606777518
274633989
580550245
185409349
869510750
461399776
470528861
744496920
433824799
558472124
261105597
526259882
943695533
228574168
823980692
246578374
603952231
480190045
70716779
593055655
815594703
347981813
331781209
291325567
291185628
12309230
57133233
400965348
587111959
136371914
256963617
648068386
299916184
132470857
777830996
52683780
431189871
514715329
278692441
15253417
955667075
148022581
620349634
352911159
495551359
429350224
559375767
641265994
414947921
916979767
614581943
225105419
806658523
607983400
377794694
302758808
604151261
619379528
153797424
222110239
151065548
786521715
325019450
658293277
881187236
187916126
499898107
523946923
465883960
801410577
266423684
118967961
544089531
294422446
610146108
963003200
410786180
769865252
580554175
831169594
134908913
449382874
406214928
533398873
577025635
902206313
929004250
235374443
143650471
823988332
481867392
854193705
608053647
865520860
517332939
964626278
803235847
206439245
880898003
697573386
747714957
302834195
254303365
752171388
441405212
248924246
485339251
295368230
408584020
514712727
385517197
876709381
778974220
50840856
853110467
102927347
154194408
47525261
406041596
408091573
750884317
538073029
359510316
889993288
232460588
644493092
154992615
42124462
550104862
770890686
955354912
419007876
144730867
300059525
41464284
985998226
860228065
342525057
786722267
108690358
239959797
236713142
770828052
966339793
810969750
200552367
28156611
506983722
647928621
748983907
908047581
896228902
125698077
325595623
731504881
403341437
634131004
511411663
378220884
475541521
605980251
818502885
209556981
555542166
827559224
758499113
673520058
976832617
324425475
590453255
268139652
850576684
446357658
971564781
107038051
479270206
602000793
146060460
595515218
231403468
277034998
238789144
656366389
760230467
599574747
294619856
174947069
662811798
296467424
399718974
322908794
212545160
319068359
17883571
130443467
865662233
802780519
988106946
835614488
399460799
806885192
554057666
597987355
114442478
919250312
922952714
746582182
870016617
693580681
533435590
506578071
529309979
845523491
500642857
565338550
298680792
602544295
665459957
430822605
772834415
826951775
774510012
699966220
586350979
551492675
561593387
812625833
542972420
827633530
540762784
265881470
343940667
813289791
608740922
459736292
11190325
118619546
927917389
884253942
753824170
699737156
783501546
493809896
527091158
727091861
530979462
173790641
112079855
992737157
873390857
575649168
29435347
634427512
807793577
917841969
691034468
579354267
931448188
98864437
115916529
88606433
57225923
540617381
700901785
390581823
966248871
486458974
455632113
762328527
561550580
695894572
411671792
246220019
212799118
583701790
571109541
457592512
76006844
531530258
574574125
871911799
555742795
436487493
816412831
675566708
929151758
80920301
547073979
737528917
929507456
302190469
348373241
962814562
781355023
100571102
498577734
747083595
251850078
865153664
463144190
257847111
19372880
7897951
657677274
553042478
842168714
602172914
627434282
141214605
546593622
680694318
161412604
782263445
431732909
714624739
813168313
724352593
565489764
457372727
151904507
705516243
29739249
260975940
897605004
256505452
131541730
512167262
935302998
828515620
937171689
78414286
423922213
624435195
128182740
390573000
770739612
493449363
774368495
897975199
504859834
796426039
624240363
898069622
976379827
776806790
750346016
18999743
351998514
137835409
900720542
49995225
568467010
601746387
221907272
496355075
825132356
3206071
316112056
794805645
263923364
827086699
362624033
206952578
71604779
606936566
166815145
317425479
731503065
643612951
735536535
653750
457347219
918371820
65884639
657816846
462369198
464291471
461940489
500674181
944948746
621075743
478176608
12809394
740400441
490464211
961647192
325897247
930617454
694245583
744976020
672937001
913534125
706424422
632069558
60193870
138484010
618010343
866850395
349687537
607928791
30302157
305772384
150091315
460320623
442402914
567922884
909140766
985843431
511100437
845134134
73808086
75410380
940974969
794585743
281306971
671127133
40444074
513349839
805837511
624108442
361288844
720904850
661619113
354646755
651094708
901090758
532352757
176521017
131139417
297096715
342656916
889182966
488156930
208353290
896693264
784503056
35177092
918903713
83768504
957556520
873361967
156013616
171202741
312876356
571487892
590586596
743498740
585873228
583766386
604868536
988141956
94569885
629586214
142916428
754628181
439856592
719141787
815778870
244439975
409350453
793287606
177982385
117671462
553209406
328110433
939688499
644365443
724757498
101612748
731632736
539807635
581406584
38038023
439055350
716506908
691350986
988968143
537389926
648702706
928259549
613815933
55011557
52232319
140999927
555883206
373576292
764961002
146838415
491899192
888512973
952001692
705821709
888105976
225940655
838434185
698255927
543024334
538259026
699274782
368129950
930484362
15395246
272913795
619759357
692783506
922465377
697388952
323959274
876525749
643257162
598152703
234371451
194955636
735814273
873084786
732049184
642637031
329068566
174415550
333298878
422022345
535587293
494388389
833314135
688189660
173153147
437910047
131851572
712978674
752906040
524818507
32252958
257074375
486477627
964173278
755530371
320843412
579391676
549283920
116816601
738993086
437844574
436545886
647353366
564870973
683075167
712483685
637654422
135888517
446034244
529736093
851281234
967465870
851009697
890482399
524490761
398952579
123367335
260096827
27804250
313042057
437284173
964407826
761559445
399046816
353212450
278471226
696998258
754070943
802615402
468928961
883910074
25843621
400431069
970439907
694879101
586459777
333230981
451488623
482198913
408416612
549989633
221654378
569031321
310408371
117857178
829768825
27414153
887793980
350372161
291078542
186119065
950967150
240807573
402393746
769505638
765991392
862109302
445484398
874841776
385965813
711792532
298581824
99065268
497143409
236056188
248745888
511356931
692625743
758647544
934703226
236485523
69968252
326725536
129576449
289769149
651497058
32716400
723059312
871631943
958772516
829257215
845211631
129023833
129288834
725141379
618591559
633443191
682935876
762064124
906679657
836676588
496827649
449926842
374698198
182881109
750958043
683454578
895797823
175182188
687611826
811680230
647349559
672772294
573733075
830878157
681241213
327867542
946545734
55136019
505492172
862205736
915167940
727169901
922964752
656400916
86558937
143000539
628594470
562785454
266852504
321498982
417381071
160556728
701994108
807856709
783138153
388554124
792355262
35048358
461601201
935257280
454200991
629140985
518661058
818133284
637421165
360106729
989596193
69424509
603595582
214190993
203177417
451904729
503288032
864158615
886451432
288186387
178821967
681828686
648619642
100907931
36062087
228589053
953106112
977240320
473699675
21175947
674725869
171933577
754584982
361142748
772724687
456552951
814346421
293310518
920491172
835368745
993242651
582476006
55063206
365985344
536749541
879070935
818119714
297932656
594935961
351797311
935819027
817856144
652768376
328442010
563403499
602488066
637179864
877474290
387353033
62048592
983841513
112139721
629331139
911487013
331418713
727227517
428739854
385970233
276483175
280718776
772589893
386552423
851392785
29789857
144089308
225979182
435216332
145757321
283579474
5943595
297387533
513049969
859900810
535558645
749880790
422200225
616782958
523427637
400675105
580498758
647481168
808524722
360469143
821692353
841544199
460412599
718456873
22541193
875119821
514538277
6542462
282298670
224658489
14791809
633137384
787126614
625595256
236071594
371965097
466450402
955772739
457504185
519625947
666991778
93806692
252458630
761790953
88550650
553806817
769260441
429476077
232443830
766820915
204590838
541648597
188524073
368462330
937875567
620172606
883670073
871202515
186559231
208422225
932832037
592041864
555131089
17839988
394171197
760933574
744810280
788212866
214658313
861557296
823952406
738054788
813174219
4719157
414506334
553499192
476879061
631641691
730957362
109344344
277014616
783944132
538801039
563629588
929528223
370938057
19929499
916438469
461509996
785117441
732906850
815915922
337806801
888735670
452179750
341648547
189339199
418571638
420390343
393045690
283851397
52262635
773010909
814383569
83459883
189917655
960407022
995450005
763820680
964090198
423537310
104244026
516741668
113077266
325889055
165200160
889536201
494306561
615581615
725280700
439998288
974987883
1157094
785531603
371885703
928468279
445604066
731469714
810463387
309333061
343259381
159841816
904650710
318400028
747015267
30462136
692853512
691211422
735367728
139383781
718810648
303823656
505488128
408756055
857684956
793318553
425250610
722312197
289201371
936741638
16554907
715255823
432815699
469528644
652280171
492754519
739621616
227266391
783336912
172185718
98886184
106977417
909120844
484381677
545994810
248994666
14284967
57480014
905941866
855048378
557937853
970927586
887408364
397932608
769569212
555278454
257908782
7692810
806213857
689216510
201546219
489245172
448682814
214366587
785990282
355433431
311467321
845485053
874664703
876838631
897982062
616195387
260446419
292930995
301763455
348110459
453028664
11868233
929172410
45842640
795670614
50598948
511796548
219758871
548748683
203708152
712246154
510265975
157772401
93044567
284861145
114940969
65619091
985752278
204194603
613490700
15194585
34481972
272520814
868862991
187527764
370467965
157641065
203925566
643871628
412469535
685810187
812413586
757827348
376047700
388891035
158096092
311472766
785433084
298965950
229887482
275093768
381027909
462940984
689484878
709383191
522938545
859443333
875345736
800440898
578743123
776692287
380951840
736717859
113142804
51495422
31098665
806593567
449734124
194820676
570166854
994388373
20920555
800627228
734253130
195887672
701394565
462954350
886223659
697369038
193951746
774889019
827393153
413130551
540088087
530706931
371249626
250123729
61212818
124183642
268281952
18725512
808624470
785210456
493631515
534915613
652592514
950948436
933292247
235238523
608348847
938637295
45938864
540887366
782315766
427416454
45231473
661912632
993739478
613642064
889145393
489426708
789175793
880590432
953854510
646864095
866067337
49262535
518833407
221139698
411651489
423453778
887156578
784528596
370555472
566690209
514872230
437007953
965044131
955475763
679867682
947598360
736326144
943635241
9328085
427679121
452495746
630280509
830643004
53176043
90058706
639588581
431263723
71501654
223121664
411212340
69715239
367502005
793064686
394509594
818131427
1219420
659638773
341035240
267257655
462223596
150687121
229217483
598464966
670022871
601907109
777670300
830910162
503887571
607026515
784631496
82815938
476907179
617213991
229199268
169182000
550504900
658530224
485117445
855666620
698974723
656412851
60966665
267946932
104209977
801211841
98944945
962720489
922601116
571708212
75778710
542615254
412690383
724779368
664444175
959220222
713179656
859252680
16969138
339284690
797882764
529745645
704670771
670894121
286717570
130302448
112497213
584862491
227821581
582153509
549776
701735464
614599175
706481710
13648931
7224970
726622941
394448213
130964699
311431735
646031569
125126459
60312409
482212330
364565123
79375087
545309088
539471435
991828416
849901165
589720467
742553616
160016587
611588142
731297970
68978914
792959379
263386476
229407051
211076619
326190931
222869416
647347348
437333990
190233227
614472995
405792777
618741453
847219775
651727224
112299529
688763686
508872660
471250108
619234862
965591497
806482013
580536650
85047928
889320492
81264827
72331929
524743332
371699326
79525441
512377917
27046679
620364086
47607621
728516544
493279422
308115986
366301773
636718055
177095351
943154733
252419332
805385615
206568202
839109836
646942460
505557998
221284791
601852197
535284449
787589914
749323138
563817915
203518051
619329193
836028738
70669758
597119314
636280343
251826951
80864972
59317257
31392694
442223024
904989276
631598567
146788072
685041046
347191265
759720771
795320754
497669730
473757892
795961460
109263830
688192632
730776394
966214877
230775626
569615384
177431729
462061503
21242085
812345625
564108156
637855909
242904627
854134413
344190865
900717548
884870899
735982224
728642663
839688838
613545607
132567007
593438862
97658673
403818312
653027464
405119330
839646293
883457934
654336143
993330553
147153252
263178875
811851784
720309331
249937185
785808050
514875327
838266880
104663944
371573906
792853653
843367752
142925714
695132024
780452663
726705598
172492189
840026854
575309967
156149704
864353692
586692015
869354525
707029710
542072733
833027928
48968943
203675885
139151872
22494876
680445224
507942118
524252627
721672198
644143514
977678291
87595961
382708062
529910715
786483856
391780063
317347602
107153122
887192191
858005892
877250490
640695447
817198199
769150413
831310068
534320683
738599671
114865338
618857151
621163182
244077290
457050946
972698847
878486682
362285279
630966231
153544490
432262567
36680797
371392527
658762531
488022442
717134383
733386489
722576870
306441585
557650690
832676168
221148835
85425005
446828454
404595615
939491933
392949157
740275829
496862502
17698624
282789788
338644724
367153588
740886748
434335316
525421824
643796265
745923480
3254407
838748226
371068992
217380616
556247247
100737082
111943386
479014816
45774485
836139880
567661119
529312733
931322566
632601653
944067698
26845194
606510960
906777920
809861420
475373009
996494991
122343783
434629599
119126878
749523256
78274241
879093709
319782541
421583770
318582899
410700886
35964888
262885854
363209770
687326646
267968109
439330631
977804065
69413318
326920217
683571116
140071149
476920504
597581935
169360491
805795986
274424683
314811364
939750694
877379897
657594207
535591658
830059114
121293630
912821787
110113607
395150135
300273989
917830660
588704508
239627306
527557315
310811441
271272470
809409739
139091633
563834504
12747674
310523
964107577
145394353
438256372
188673145
966974898
767087150
284015121
173240
627029566
845081596
992039687
122986461
505451619
714896662
627666635
511872671
135716695
241750770
780055994
218939059
462814811
781330375
732381212
424471442
766411910
599271250
84273178
484189432
900501305
31140694
734296086
926148610
246411236
671717911
658547133
230629055
892064067
629196744
426434775
422799156
946429106
65802312
99586592
360822013
681401270
399822383
617475538
102047830
712549682
612206081
839374630
538260236
963361131
605076974
599120343
27120501
511608946
9510582
251497972
757152054
29873386
26613191
444459297
484176709
437428170
757105776
826338008
79092808
433985980
177698857
16997671
715996132
495096109
762569111
589941472
216905421
657156783
169712372
498123785
806974573
514363360
35573161
103242218
225359224
310871439
777510736
325364195
727963739
661145194
700112306
768724249
877085701
325168394
778771104
485597
446747065
721650399
304312996
858410330
788110832
379970078
310710398
132450434
664471019
887835611
29065247
863008765
651841723
480925742
624004958
368754998
260561892
533121270
656412834
490720972
422292985
531326421
471121083
230557359
256505081
794471648
765052560
261549068
738452365
952439494
924621807
496795893
926315055
824775109
889873008
623537985
208490344
995933369
559832708
651583591
203037881
251697320
732322675
909638245
957375938
197159533
235177980
20240201
945514018
589670396
462646394
112381084
494609926
778345962
3191477
992664119
507589954
823186219
96730028
263720131
12703889
106394695
411624040
139192465
54298198
76329932
703346577
830911597
956397511
847100132
419975810
689247622
724762381
589371134
228680095
178601852
420617234
696340525
423731808
678975849
898443861
750528980
801694991
424749891
191739162
899820772
308240024
864534095
976688381
395780812
199525687
578037922
1323772
256687924
574710755
180502737
998091834
631147329
660775073
540698516
281729612
256484234
879522116
978114496
779293755
988931409
444402079
119591520
738220164
684226861
585619296
665448505
363623951
742907670
352539307
303824340
608100567
245027781
852009920
829702645
93491051
774049890
269291952
758397569
214493275
247041493
870829951
736298274
533936654
17880363
573505841
937552038
582306004
330214675
976296542
111378015
81064315
684664257
545398673
865393892
597413975
409713560
755721220
310798515
987458827
966567183
788936723
83953768
168769030
954821893
703946949
862484405
350799696
145607023
748668211
756509118
126495712
865362466
123184847
839363430
441513540
471636990
637944640
112811499
208975765
636184940
478131131
319031775
57348988
52233202
605944
543596570
548598379
264646026
878917218
910846351
948633019
145324674
843975426
51938738
497042904
303052784
65963200
595136540
438390875
736048504
803442495
771844985
680704577
990915528
95335639
156581768
557484139
983856433
585540854
236776228
739101891
236827827
8542358
89787692
40289160
370834625
671096357
304360538
801949663
980503744
798480433
940331777
121004669
781871173
868111446
109298148
211027606
302695694
480222046
138361637
658769458
847669571
165490542
240065436
876940644
493445509
874523367
315736254
224043066
647533375
338313674
523215946
469661322
952397262
354175174
751708681
860415159
780655921
842092161
312543816
937336908
904004241
351174155
356677843
937087966
552509553
591311550
789276512
494098706
229753539
214127812
433735488
690256855
134151176
190155711
269151734
842459666
77629522
19432602
620721890
238927279
346769963
670932633
991436242
216594244
315904637
267457866
449285324
518288226
259297369
835684428
977400029
960862517
314041203
657294062
796355463
991042319
852693709
868050960
880777435
231105409
214450252
757881269
128958260
394347845
32339419
36680928
643931681
498293174
747673194
339434340
915395263
535750478
211412135
250558751
814886698
460623689
806971654
165686243
134241826
774480722
580465511
826726589
781703164
542311176
428766946
153120783
825861194
652271053
860709602
783953991
902759576
538018555
927867312
779045768
740497286
500774672
142564521
364112010
14728225
101110996
988075571
252868186
168513568
199059012
859719783
622674537
894317959
762477423
589669927
584346539
661743145
486502371
529256073
670761864
549200559
460290034
912558150
463597440
266422432
984847657
612178118
224980480
57371380
569838991
780854143
352004627
853578665
451617036
503772720
479790842
406505129
956561218
638417545
307758773
704685786
756085623
728507390
953073558
447157976
969028155
748232026
815435824
16141875
236667900
425444203
431104747
220833394
783169698
695475339
256459651
605043799
134503954
102870838
873785300
671420540
266147778
314908848
736942040
649435856
717778890
757225327
951061281
441213295
836608997
757953756
341074963
531529369
843364072
338391466
538497310
634983261
401706205
231120622
703510675
155643238
45243337
222318480
467438690
479509919
61118461
774169936
37343799
553932723
740435789
650404130
368491205
936793660
278876219
596700706
591433659
255938703
288876189
70660721
539393635
888523406
602000361
734516051
345502555
997552807
589337325
675427660
937304816
906636758
301976950
175218065
183484164
854945841
247510828
688415283
544816867
76535307
499072933
354287458
584560957
190480229
596773752
12941912
791361027
331499431
166889424
963838140
130357142
421376281
940170786
26364590
399775906
505748781
583668102
797387091
932340851
675287323
818609531
884385331
30265218
235779936
740099509
830398284
717473005
155628414
414758820
508368185
953022332
853647375
365371034
459776044
175919280
487677386
182885121
626452151
775453952
364925347
294706734
413338268
262034827
341732112
243353647
273945191
541152027
525836592
613262010
803613948
831326984
186261165
323660656
673775365
742205413
232848088
499649496
739211143
248657143
457562747
123238597
742661702
443595302
344150333
798670892
545483661
544369494
145192408
439240510
568328638
919291604
640878165
422826815
307326418
826476655
704605229
562696576
658485204
774067951
604930140
539046977
838117486
135596415
668346137
206989178
422491073
24436538
269129194
389423119
822544409
337792714
959903903
92352947
376270142
253287147
955635968
801518925
928086796
91897084
460613973
65621078
325826199
501904850
534108640
433214770
516770374
408411280
699327038
931548275
632526552
33322123
415209432
105603933
457896691
974318253
306311079
931343974
434496927
725782889
392286189
199100343
446272880
204265038
158978872
507735651
245783889
320281337
554098493
515752346
992011060
129362480
946002369
766968477
874624051
775010956
893459820
222794342
920935557
938658432
273269412
898877701
526033031
619809230
905215945
594034515
882169387
124946607
589394812
716147520
720273969
561807150
378013511
881767318
959417630
122211696
604914549
743733817
895033005
22968995
378050258
936252084
778874987
20637974
583755821
100709493
328146161
159777309
727908348
111484667
382140001
26805242
540540078
917814110
22882490
790369346
135561167
524506787
188674264
273499505
463033655
205237251
371170020
152563300
809276149
493462967
201194552
154025586
174717819
444851610
54620174
76144774
212860074
150319139
443000508
373569666
35936966
218409075
502780147
883559509
18855458
225725348
128505954
97889795
453404365
98394005
408575069
504117095
217576657
595144186
439574785
832881513
144558980
38310064
983422356
455872516
451407026
444120611
511603516
34832292
884527718
273148574
211049082
614075500
162275213
934870065
664756888
158996607
510406295
640182071
320233980
833072259
27868777
562653067
641665179
420797775
180839966
165129037
542742071
357491554
155595268
531520361
37960400
580365729
966744658
720271907
535985384
107358325
426521210
172203628
635570706
511595848
12703754
693728283
127643275
301277342
12592380
549687806
166850481
186946896
867818068
304789985
795850199
333156617
392464403
3836451
524324378
46825579
270938322
767626886
708501926
593355124
927515063
731172864
893796414
889343182
328553783
755052181
992251509
147580985
275933465
764952629
51489949
523518310
921187849
63768894
20148142
837599103
958469548
832149860
901546604
8619560
686200715
79217062
813379795
269277522
408928941
417987319
644317013
830753155
8356038
907126551
563570776
480865862
916584371
529662785
744038409
786824165
796260598
481178256
582795684
511915311
239797888
930158796
269676106
201762882
898278101
104670118
649321968
207904054
724652699
666389739
405655242
304754615
544224844
782981364
665782027
901259173
998366847
627441942
166806604
748977976
918165242
632691262
145781254
483656731
15377328
243744256
844291953
566890938
908145401
563181981
530679571
249252859
331099635
744354703
662023438
505101619
734594042
76859629
156193633
62289807
152844476
486933633
911756033
917763157
470931675
90596350
357233411
938005520
60358151
397170548
653745999
426474690
287620814
290688427
891614561
2918016
218129671
627669892
788504307
482716628
160876644
374016425
277877764
553064633
427002157
154172838
83577676
762847894
727830133