78849805
741258750
165440484
465851468
377408275
885363606
6136542
386186367
61517765
721339965
121037023
887221851
786969151
842084188
61439160
804461002
373635106
836676205
189081915
585796536
373644996
574479996
913598125
582322316
10899252
133148337
373451807
12908244
632179026
426339887
713029897
94150847
824911397
327704702
194201151
294888346
158784455
124640526
611374687
139985153
353203605
28620590
144423342
309787968
856169201
503157226
564755017
593718091
415403412
808749267
683814612
533120905
582180864
294827017
424980230
4982186
267432662
551673654
571027837
229371713
931995232
116337320
26957873
567361164
90605857
285772093
849614959
49231982
28903357
574272129
28582638
532208644
3224138
14249904
465752878
891207201
3399930
754079940
50084958
519250309
324450707
21865331
260198646
449911402
466218347
55548901
433138484
219359463
303755099
331246737
43437425
57695024
265
535161693
707834743
622181238
100555096
523492359
104915430
78182556
