1

200 50
175 55 8 128 146 142 47 167 152 77 48 130 162 42 81 20 166 74 131 84 150 181 36 25 163 15 31 53 189 78 111 60 198 119 100 89 22 122 24 200 98 145 4 187 134 18 7 168 114 139 155 1 199 39 3 19 138 126 106 14 64 30 147 113 49 38 33 149 54 182 21 195 75 133 109 85 97 108 184 96 67 125 177 123 10 197 16 191 23 196 194 17 12 69 50 63 13 88 40 193 160 28 164 179 144 120 68 185 173 83 101 46 59 105 29 61 51 107 93 26 121 65 72 58 137 34 124 115 45 135 52 5 143 71 62 170 188 169 127 158 76 110 66 90 171 174 57 117 99 44 153 43 102 2 140 94 154 141 159 148 112 176 56 87 165 186 172 32 11 129 35 156 118 161 151 180 9 6 104 116 178 157 132 95 37 82 70 192 103 27 80 183 79 136 73 86 41 190 91 92 
25 67 79 113 194 188 60 120 64 19 176 195 24 94 87 114 178 190 41 136 130 63 122 175 200 152 117 50 182 173 23 105 52 198 95 135 139 174 51 4 14 141 196 49 91 199 82 103 161 158 142 147 15 127 86 111 166 6 125 183 55 171 42 47 61 10 3 100 106 172 115 150 162 20 1 112 118 126 97 88 129 73 85 99 74 27 179 77 71 98 143 84 76 92 38 108 68 110 132 121 155 197 30 78 89 102 80 22 21 167 44 43 34 90 8 149 154 62 184 70 181 186 180 159 185 12 16 134 131 148 137 7 26 33 153 9 145 104 37 164 177 46 191 54 170 109 17 48 5 59 13 56 65 72 151 32 107 169 193 69 18 101 93 133 192 2 124 96 58 144 146 39 163 156 36 189 83 40 119 35 116 168 128 187 66 11 140 57 165 157 123 53 29 75 28 31 81 160 138 45 
119 79 149 106 80 165 105 57 87 68 148 108 198 139 111 56 28 196 177 45 122 98 33 131 102 70 91 49 51 126 17 124 69 24 2 147 64 160 3 88 5 178 86 66 118 81 113 96 175 161 7 78 134 97 27 31 125 89 152 187 53 34 164 67 145 30 112 150 95 9 133 157 170 104 13 137 92 73 25 128 90 99 84 37 192 35 109 146 16 176 117 173 132 44 26 166 179 14 123 120 191 48 54 62 167 136 41 103 75 58 29 20 40 19 181 135 72 61 6 129 151 193 8 101 186 142 154 188 183 52 71 100 107 36 43 143 141 93 65 23 85 115 184 32 162 38 11 182 42 116 50 10 185 194 156 121 163 39 76 138 22 197 74 82 174 127 12 172 171 153 195 47 21 110 60 140 130 83 155 159 190 94 59 18 114 63 180 4 144 199 158 189 77 15 1 55 200 169 168 46 
48 129 103 72 97 181 182 28 65 104 16 162 19 5 49 91 199 178 194 124 52 174 80 67 89 192 11 15 116 54 165 130 142 90 83 53 152 151 163 123 47 198 93 149 154 39 68 176 96 189 119 12 18 41 132 115 26 14 109 92 33 166 35 51 75 141 172 29 40 110 31 70 44 78 9 187 147 30 10 125 8 171 66 117 133 159 45 55 85 108 183 168 17 169 81 7 101 131 167 164 161 69 200 64 173 73 121 188 86 43 148 120 62 25 156 105 134 27 1 145 158 2 21 186 23 139 22 36 140 177 20 197 4 138 88 195 3 160 126 185 46 34 74 184 196 127 42 102 136 56 155 71 122 63 60 157 82 170 179 118 98 137 106 128 99 6 143 180 13 76 87 37 114 58 193 57 38 95 24 175 100 150 79 153 94 77 50 107 59 146 113 144 190 191 84 32 112 61 135 111 
189 25 90 60 191 114 84 134 5 7 125 67 150 99 128 74 40 166 63 184 178 97 132 163 71 159 69 101 39 123 145 48 38 175 126 88 164 87 180 177 152 155 64 53 55 42 109 6 12 36 174 200 176 105 83 65 136 23 34 106 43 35 98 49 41 13 161 124 183 27 91 121 147 89 172 9 170 102 179 197 24 141 4 130 117 76 118 32 17 56 110 181 103 194 45 190 30 111 2 148 167 108 16 192 73 96 162 28 79 61 86 107 100 199 26 185 21 37 68 22 52 75 20 143 95 58 33 195 193 133 173 196 46 153 3 127 154 18 82 92 47 169 59 158 129 94 112 187 62 146 157 78 131 160 81 14 168 10 139 85 8 144 165 51 119 182 77 156 57 11 72 54 44 113 15 120 142 171 122 29 93 80 149 70 198 135 66 188 50 116 186 151 137 140 138 104 31 115 1 19 
173 142 116 152 110 177 17 128 45 79 55 46 35 135 168 123 10 85 26 33 166 121 54 48 179 197 153 182 9 92 25 84 194 3 34 60 189 14 72 127 133 175 24 50 62 7 75 139 101 154 169 167 77 151 11 71 73 98 159 67 59 61 126 23 162 81 198 111 36 51 103 187 157 30 90 97 192 80 22 38 195 8 191 63 31 29 196 200 69 132 124 199 117 119 95 100 28 149 41 13 27 43 20 83 82 104 171 52 134 70 40 21 76 160 158 141 49 122 145 102 74 112 183 113 163 131 42 156 18 125 96 6 137 170 107 39 114 91 1 2 165 65 88 5 87 190 178 78 56 181 150 15 105 44 184 57 120 108 32 16 4 94 140 12 130 172 115 143 19 99 68 155 58 186 89 64 129 86 66 148 118 138 93 188 174 147 146 53 193 164 185 37 176 47 144 109 136 106 161 180 
40 108 82 92 147 65 170 139 173 22 172 48 59 177 75 119 72 151 104 63 81 70 12 159 162 26 94 192 21 88 144 121 79 15 198 155 127 91 185 25 171 10 61 80 102 36 69 146 190 24 120 110 150 188 35 95 174 196 9 77 113 130 118 175 98 149 66 89 49 169 100 28 90 167 57 43 197 2 62 179 154 140 116 45 50 200 7 133 180 83 193 163 86 64 1 135 47 30 27 138 5 29 44 14 124 60 158 17 51 99 122 56 101 32 195 96 111 3 183 194 112 136 41 4 76 168 37 68 11 182 106 105 132 142 31 165 117 184 84 156 166 125 18 189 131 19 161 176 148 157 107 52 73 103 38 8 187 128 191 114 186 85 97 109 16 141 42 46 39 145 143 58 6 93 123 34 160 87 53 115 199 134 20 13 153 181 152 33 129 74 78 54 67 178 126 71 23 164 137 55 
24 178 150 132 25 138 92 49 34 112 126 139 41 21 46 14 123 117 78 169 42 74 93 44 141 110 158 51 33 27 29 61 88 81 13 32 172 175 124 130 116 23 176 135 133 111 166 16 179 69 62 118 164 182 7 9 71 165 105 200 35 114 75 186 185 91 22 157 120 30 152 146 38 159 8 171 76 137 20 184 136 174 58 90 82 55 85 83 57 96 72 190 77 54 192 163 19 102 59 6 119 195 65 145 191 101 187 70 106 197 153 149 160 3 43 10 36 108 60 64 162 129 26 89 68 67 79 5 148 99 121 31 127 66 113 80 125 115 11 147 84 95 154 144 40 151 193 140 143 131 167 73 155 170 198 142 161 28 168 56 183 196 2 45 128 15 17 103 104 177 100 1 134 47 53 97 199 52 63 12 181 107 173 189 188 48 87 156 98 18 86 180 109 194 122 39 4 50 94 37 
150 44 123 32 117 145 13 87 57 125 46 154 83 108 58 80 112 144 51 102 183 128 107 153 35 167 95 41 1 86 110 191 23 147 136 186 10 12 101 189 28 98 96 134 158 4 149 124 50 39 76 177 85 69 166 37 52 9 61 152 63 116 36 8 173 162 17 11 115 127 104 89 178 184 70 91 14 119 156 176 55 185 40 53 151 7 139 170 42 121 75 56 22 3 188 143 77 25 160 140 194 164 82 90 16 137 138 29 105 172 135 73 18 92 132 187 81 78 114 31 19 161 126 155 106 74 47 99 197 196 54 193 60 48 129 62 175 84 192 198 181 64 2 157 180 88 113 30 67 21 120 93 38 49 174 163 200 190 133 146 131 72 130 26 122 171 103 111 20 169 79 94 45 43 27 199 68 65 15 195 66 6 168 141 148 33 97 34 24 179 71 165 5 100 159 182 142 118 59 109 
120 131 85 154 155 31 6 170 86 177 96 77 112 189 26 185 53 39 191 13 72 66 200 100 1 87 9 93 30 124 73 161 116 150 91 64 146 49 143 187 42 115 118 199 193 181 138 175 33 109 52 57 82 56 2 16 133 194 17 141 153 45 197 151 67 90 169 104 51 14 107 147 135 7 176 134 83 196 75 70 190 106 162 111 60 129 74 182 159 18 174 4 142 50 19 188 10 126 130 80 97 125 139 11 69 195 29 43 59 165 65 173 35 108 20 168 40 198 27 148 127 192 172 68 171 149 12 137 123 37 44 54 166 105 160 76 32 94 136 48 88 38 102 34 41 110 184 62 15 23 22 63 84 114 95 101 164 3 186 157 79 122 71 55 117 158 47 5 113 61 180 152 25 178 144 128 179 78 81 28 36 183 21 132 99 119 145 163 92 58 140 24 8 98 167 89 103 46 156 121 
136 3 18 118 99 56 138 85 100 171 131 121 53 113 63 65 87 194 126 153 1 180 44 120 142 73 119 34 10 77 107 37 6 51 14 21 182 2 15 122 30 151 174 83 84 13 128 82 160 141 189 198 179 169 25 170 68 36 115 165 129 175 52 92 187 127 12 57 86 178 41 22 27 43 148 79 66 97 111 147 172 45 125 49 5 195 38 26 31 159 157 105 200 4 17 64 185 145 50 163 130 103 133 156 146 98 70 199 176 33 134 114 39 154 35 186 60 8 155 193 135 139 76 94 104 124 192 132 9 162 95 173 78 144 112 96 90 109 106 32 81 80 75 102 42 117 71 69 190 93 196 143 16 29 54 55 191 58 197 177 74 47 166 24 123 91 108 72 188 140 46 181 116 67 61 40 149 7 184 20 23 167 88 164 110 152 11 59 137 19 89 28 183 48 168 150 158 62 101 161 
51 121 173 175 105 197 130 25 128 6 114 83 189 22 107 183 50 100 102 101 139 82 143 87 73 149 194 13 159 69 200 148 162 45 94 24 154 178 68 180 117 120 19 106 172 28 81 196 84 144 61 176 193 112 85 188 8 199 78 76 12 150 21 122 119 37 43 86 10 153 198 134 126 138 31 90 174 88 93 195 137 36 41 16 187 72 147 168 123 52 1 165 124 56 190 39 191 158 65 70 185 97 38 60 163 113 181 18 26 95 111 133 11 152 77 49 64 109 91 59 155 171 166 71 63 156 4 96 116 67 170 32 30 169 142 132 103 20 54 118 125 23 79 140 33 42 110 7 47 75 2 17 135 58 115 104 177 55 136 44 129 80 14 182 5 179 48 167 34 89 57 127 145 184 164 99 141 98 9 74 3 186 131 192 53 161 15 151 62 29 108 92 35 160 66 146 46 157 40 27 
174 14 175 75 37 146 12 173 169 31 86 87 8 98 72 140 137 62 151 133 33 185 160 108 67 112 80 106 141 182 194 56 144 164 32 126 197 129 84 16 76 63 29 30 114 109 48 13 17 145 157 49 59 47 57 119 127 110 92 199 51 184 15 93 104 54 4 23 131 58 11 78 96 88 50 188 36 154 89 73 34 7 166 95 79 83 94 66 25 143 101 111 69 40 2 162 65 118 165 55 107 77 170 158 171 147 156 195 149 181 3 10 200 186 116 52 176 45 97 124 192 43 9 161 71 18 159 102 122 26 172 136 198 41 42 115 130 103 142 134 35 163 193 138 20 148 189 39 113 120 90 153 46 68 152 139 196 179 180 123 60 183 85 44 132 64 121 22 178 135 24 74 125 82 155 100 117 187 27 6 61 21 191 28 168 167 177 190 128 1 105 99 150 5 81 38 70 53 19 91 
192 183 163 50 123 68 8 137 186 35 175 185 147 56 24 51 118 90 170 34 119 125 100 93 44 69 190 113 111 39 117 106 30 60 148 177 138 171 2 104 54 14 5 196 25 131 142 38 1 121 97 52 130 162 167 64 135 15 41 122 94 66 78 157 182 159 85 189 160 22 169 103 29 128 89 155 99 105 98 53 176 61 109 145 59 19 73 151 126 80 63 49 120 45 62 79 3 91 152 187 181 178 84 46 150 144 21 127 158 72 107 74 58 11 65 12 7 4 146 199 17 149 156 96 124 102 168 87 188 101 180 179 136 9 76 28 88 48 31 195 114 77 70 166 153 194 134 174 129 16 161 36 164 173 191 23 115 47 10 55 139 75 26 95 71 140 32 112 193 133 42 57 40 6 86 33 108 82 83 143 200 37 197 81 154 184 13 172 198 110 132 43 27 165 67 20 18 141 92 116 
176 168 133 158 140 131 180 77 3 91 71 47 122 152 74 117 132 191 142 68 69 186 178 20 92 80 19 154 107 165 87 23 124 101 147 99 183 170 104 50 97 129 127 10 151 27 181 149 62 11 171 72 119 40 53 12 198 78 148 146 175 33 187 28 169 177 110 14 102 179 7 31 184 113 21 144 75 96 194 188 73 160 29 1 153 39 197 161 83 37 18 59 192 159 93 88 54 95 43 51 41 106 26 55 8 24 63 155 118 52 109 128 173 85 115 143 200 121 189 25 150 45 79 49 195 4 48 6 190 137 134 90 172 141 16 89 42 56 36 82 60 136 166 185 58 108 86 193 116 65 46 105 70 13 182 103 145 162 17 174 138 5 120 125 94 157 84 114 64 2 61 30 98 57 34 130 67 126 32 15 38 123 81 66 111 163 35 139 44 167 76 135 112 196 199 156 100 22 9 164 
138 187 167 196 173 58 81 136 79 97 112 85 9 27 83 46 84 96 133 92 51 34 177 162 135 139 163 103 143 174 140 89 63 64 101 145 17 107 10 176 161 24 186 59 70 43 61 197 189 200 30 109 13 52 130 104 87 178 141 4 14 105 171 75 149 55 160 93 184 123 2 183 191 155 91 88 180 98 181 151 99 119 33 18 113 57 54 72 114 21 198 47 172 124 120 134 39 116 28 157 144 42 37 193 199 188 166 164 132 156 5 108 95 65 69 40 150 16 190 182 168 195 100 127 53 29 45 12 111 147 122 106 159 8 80 126 192 44 165 26 62 154 56 7 74 137 194 158 90 1 66 170 68 35 125 148 50 115 169 86 128 20 94 121 153 23 129 41 38 67 118 77 78 76 6 71 131 185 102 11 73 32 31 49 175 146 3 15 110 25 36 117 179 19 22 152 48 142 60 82 
82 40 148 107 5 49 123 115 176 65 12 6 22 109 132 172 161 57 52 200 23 111 170 51 38 1 145 129 92 179 124 96 156 160 121 136 31 7 45 196 135 133 69 13 110 100 8 106 131 72 53 194 189 15 97 24 90 55 113 56 44 190 41 126 118 125 116 185 138 18 26 76 94 108 39 199 122 180 149 191 16 178 184 17 166 127 33 163 3 168 99 79 42 139 143 58 83 181 77 151 85 20 89 169 137 153 101 157 71 140 164 98 171 35 102 88 11 91 159 195 103 93 50 62 192 120 141 78 158 193 154 46 63 32 175 2 144 173 150 105 36 174 197 128 187 37 198 9 86 114 117 75 188 167 186 146 182 19 30 74 61 67 112 130 155 104 142 70 73 10 43 25 64 28 165 147 119 60 68 177 152 54 48 27 47 81 29 21 4 95 87 84 66 34 134 14 59 80 183 162 
53 139 9 123 20 92 198 161 80 200 44 30 42 154 185 166 43 79 32 10 82 50 15 115 93 71 107 75 35 109 19 137 111 163 103 77 21 56 160 175 64 191 100 182 12 194 130 143 193 122 145 114 37 181 102 197 187 149 195 52 29 168 17 121 63 88 155 47 170 104 49 67 24 2 140 113 85 26 173 120 1 188 34 83 58 106 98 68 176 13 144 129 174 18 131 157 105 23 94 108 95 78 81 190 135 99 97 112 55 126 27 45 117 41 6 14 142 180 152 146 110 4 48 33 156 96 101 7 69 118 72 73 134 147 90 36 199 179 86 124 28 39 125 151 189 61 183 54 138 178 158 148 192 25 127 162 51 136 40 186 31 116 133 76 184 169 119 8 150 159 70 153 172 167 57 66 16 62 46 3 89 22 87 11 141 128 132 196 84 38 171 65 177 60 164 74 91 59 165 5 
88 36 55 40 135 137 78 94 28 11 8 12 5 143 129 79 121 193 46 179 190 91 22 109 126 124 127 174 196 106 155 93 39 98 145 95 27 195 117 7 43 162 60 164 119 160 50 125 110 87 144 90 104 132 89 199 168 147 67 100 105 176 133 45 19 120 197 34 154 188 181 102 138 84 111 68 157 69 26 99 42 165 112 159 107 96 82 33 29 32 85 81 52 114 23 97 48 175 75 72 21 163 10 24 20 149 25 41 166 180 54 47 30 71 70 35 151 171 77 76 2 108 44 13 182 86 136 49 156 130 198 186 73 128 83 17 169 3 103 57 59 122 37 31 139 56 63 172 173 177 141 200 64 74 66 187 62 16 6 178 123 148 1 9 4 167 53 191 152 131 51 140 189 150 184 80 153 142 116 194 101 170 158 134 118 38 65 14 185 161 92 146 15 115 18 61 192 183 58 113 
137 58 101 98 28 19 141 107 51 42 37 90 114 106 25 171 160 195 11 80 100 9 162 65 33 81 92 35 82 94 157 45 34 36 62 164 199 6 168 158 177 112 151 104 129 63 99 10 87 173 179 178 86 125 38 123 147 13 24 189 109 43 116 165 117 72 29 15 176 192 180 60 139 95 44 132 57 140 31 159 59 153 128 194 144 174 4 75 150 191 103 169 30 130 118 22 197 138 122 198 156 183 56 115 66 18 54 110 121 5 69 186 120 39 136 41 97 32 88 3 40 145 131 55 184 20 50 167 185 16 89 47 193 74 14 172 17 102 64 133 142 78 155 200 113 163 46 70 2 190 93 175 154 27 143 76 26 134 181 187 83 71 111 126 61 77 182 148 108 12 170 8 68 96 85 23 188 135 146 67 149 7 91 105 48 52 79 49 127 84 196 166 119 124 161 21 53 1 73 152 
90 91 176 70 126 57 107 50 2 199 140 36 80 138 124 142 89 35 153 5 149 37 30 4 64 58 85 3 178 49 105 135 175 102 45 111 181 182 183 71 96 17 108 113 72 158 194 43 13 41 16 74 109 161 29 168 94 61 97 184 166 169 173 187 60 170 192 65 130 191 33 8 198 27 48 76 119 12 172 160 200 128 117 137 23 152 193 115 141 54 151 34 75 66 28 125 129 51 195 24 197 121 179 185 26 79 131 154 52 32 127 148 116 21 133 93 165 196 120 62 114 190 188 100 143 1 69 112 83 156 6 25 174 146 40 167 98 95 73 87 68 20 92 9 53 104 164 150 147 67 47 180 103 82 144 99 31 189 63 19 106 123 84 81 157 155 110 136 77 7 15 177 10 88 38 78 145 163 18 134 86 11 56 22 139 46 42 186 159 101 44 59 14 171 39 162 122 55 118 132 
76 176 39 174 59 158 7 74 104 134 111 4 36 63 127 162 12 137 73 22 152 192 113 193 129 169 179 195 25 18 164 189 37 154 28 70 85 200 136 150 148 3 160 61 153 138 121 42 125 91 40 83 175 156 90 171 92 46 122 188 15 86 177 119 52 35 105 84 182 53 23 56 102 16 196 94 194 120 41 181 107 186 103 142 159 167 133 48 68 140 149 24 199 118 77 139 64 141 99 87 44 82 180 143 185 173 1 66 60 168 11 116 96 38 146 81 29 172 130 126 51 13 165 34 190 89 49 32 5 14 57 131 191 75 128 67 115 108 109 80 95 58 112 197 78 93 145 45 117 155 163 50 33 97 20 88 184 110 151 21 72 2 100 98 19 187 9 31 26 79 198 161 47 65 170 166 178 54 69 157 43 132 114 183 147 6 55 8 106 71 135 17 62 27 30 124 123 101 144 10 
29 125 104 65 189 132 192 78 115 183 137 69 157 119 176 12 41 36 167 100 172 124 168 56 32 14 17 59 84 51 158 150 94 91 27 133 68 53 155 54 61 33 47 146 34 128 111 89 171 156 159 108 49 116 153 193 164 114 66 24 25 1 135 174 121 134 181 154 11 198 22 7 60 72 166 40 5 18 83 97 35 107 142 3 191 131 143 96 112 110 86 178 64 187 185 37 151 58 31 15 126 180 161 98 76 44 140 8 186 109 52 71 80 81 73 184 113 43 177 152 21 74 195 163 46 103 99 79 39 117 169 62 118 130 173 13 123 162 75 165 127 197 82 6 101 120 196 122 144 4 92 55 194 102 9 77 23 145 95 10 147 129 141 38 90 148 138 199 105 57 16 20 42 19 30 63 93 106 136 70 45 28 2 26 88 87 48 67 182 170 200 179 149 190 175 50 139 85 188 160 
109 160 54 121 172 198 77 45 59 51 97 138 10 64 139 182 163 22 174 57 175 173 14 132 56 94 124 52 131 159 76 4 180 38 193 114 137 110 105 116 16 164 167 152 47 93 122 136 8 40 55 183 6 42 31 181 145 119 169 115 90 155 158 11 80 95 30 165 189 25 177 82 34 144 98 176 12 15 148 7 41 88 49 103 73 135 170 157 91 33 161 166 65 43 123 168 192 13 5 81 179 53 120 127 190 108 153 200 194 86 197 147 78 126 151 150 24 111 19 83 37 99 84 35 60 195 17 184 72 39 21 185 62 134 74 100 58 28 143 113 141 187 129 61 75 154 18 178 128 117 140 92 89 186 79 20 146 104 68 46 85 96 29 70 50 196 125 130 118 162 3 188 107 191 32 2 36 133 199 106 142 1 27 149 156 67 23 44 102 48 66 63 71 69 171 112 101 26 87 9 
132 47 135 126 121 183 120 13 83 60 118 192 51 168 171 1 69 86 146 103 138 14 6 3 174 177 116 95 165 53 80 79 147 136 143 17 66 199 179 194 175 18 102 24 180 67 98 100 129 8 140 50 155 20 28 77 15 88 42 21 196 119 123 139 62 117 9 40 172 43 63 65 73 105 35 173 2 91 190 49 113 134 144 198 25 34 189 30 178 151 16 128 161 87 149 164 195 122 52 74 19 112 176 26 193 58 57 96 145 41 94 152 84 167 64 7 170 99 108 160 39 185 141 32 12 56 75 197 4 85 181 169 76 93 36 104 29 89 70 186 72 92 61 162 27 200 31 109 44 101 125 187 124 127 133 48 68 54 90 191 81 184 188 5 97 150 159 37 78 156 55 45 166 106 10 154 182 110 23 107 114 82 137 46 22 115 33 148 71 153 111 130 158 142 157 163 131 38 11 59 
12 149 146 45 165 85 72 153 17 74 7 143 18 155 36 24 99 88 121 53 35 59 147 176 48 54 40 152 120 38 20 133 49 111 11 82 6 21 90 172 69 1 75 190 186 200 95 167 140 168 104 30 131 173 193 183 114 10 164 126 3 141 174 100 34 58 158 73 101 4 156 163 46 80 26 124 175 182 2 157 60 118 44 129 8 108 56 51 195 171 39 136 105 97 110 192 187 161 159 41 92 135 178 191 91 19 15 184 13 162 37 127 197 96 142 50 32 63 66 150 76 33 28 179 103 84 68 169 25 5 113 138 128 22 170 16 166 71 79 9 137 87 117 98 198 86 83 31 160 154 64 61 27 144 106 70 43 116 125 189 177 14 148 93 199 102 107 188 151 115 196 23 139 52 81 109 132 89 67 119 185 77 180 123 78 62 194 47 29 122 55 112 134 57 94 130 181 42 65 145 
94 22 130 79 21 152 186 65 75 105 68 102 25 148 161 62 47 124 42 16 115 3 182 8 144 168 81 188 37 60 77 107 96 122 31 108 126 70 165 26 178 172 74 140 194 12 164 34 43 123 49 85 5 82 137 120 98 117 15 88 52 104 50 160 35 57 142 20 175 116 143 19 171 66 184 39 80 121 32 56 134 11 73 23 146 163 141 114 53 7 109 151 133 24 167 89 45 106 118 139 125 156 59 149 97 38 119 33 30 87 198 100 195 173 113 129 158 64 110 111 4 9 200 18 10 197 41 183 191 103 92 17 99 192 136 180 170 155 6 174 131 48 157 150 138 112 147 76 71 196 63 199 13 28 29 93 128 72 78 83 14 40 69 189 145 51 166 176 177 58 90 46 86 185 67 84 2 55 61 54 135 169 36 159 190 95 101 154 162 187 153 127 132 181 27 91 44 193 179 1 
45 70 121 169 150 88 172 105 66 181 19 104 171 59 109 50 184 8 15 186 192 122 87 196 158 190 165 123 73 82 116 58 95 99 140 149 60 16 151 6 12 187 39 20 40 145 193 77 134 55 31 65 197 199 54 102 182 94 84 136 96 44 5 152 133 93 101 68 7 125 92 198 130 52 128 42 127 64 53 13 111 117 83 36 47 28 191 160 89 24 22 63 26 30 194 29 159 139 18 75 118 162 163 9 164 11 43 106 161 98 33 2 170 174 62 97 167 195 143 114 86 173 153 185 74 177 120 10 56 189 17 176 200 166 155 32 23 183 110 21 107 51 179 115 3 79 61 144 154 81 131 41 71 168 157 46 175 132 48 14 113 119 78 188 178 112 91 49 137 108 80 135 1 34 146 138 147 124 129 4 35 141 142 38 27 72 67 126 57 180 37 156 85 76 148 90 25 100 69 103 
38 184 50 13 192 105 157 48 110 21 18 62 182 171 8 118 67 49 183 149 80 44 175 146 116 24 66 136 179 129 137 114 159 167 141 134 124 59 156 73 154 107 72 56 63 90 15 36 81 197 163 145 152 83 180 55 161 70 166 108 78 69 29 77 191 31 150 174 89 60 132 143 169 47 27 120 52 115 39 22 94 2 102 61 127 199 1 95 117 93 147 87 112 121 139 75 109 5 193 79 74 99 14 122 196 43 155 91 17 195 100 125 151 97 123 11 92 170 16 85 30 160 135 133 33 54 164 128 178 142 3 68 131 181 162 188 25 32 10 19 82 186 138 168 84 106 64 103 130 96 177 144 37 187 148 51 6 7 158 119 42 185 88 28 189 71 76 165 86 200 45 34 176 101 172 12 190 9 153 126 20 46 35 111 194 104 53 113 140 98 4 23 26 58 65 40 57 198 41 173 
165 4 30 192 35 22 27 44 61 175 41 174 81 48 108 189 170 154 113 15 34 135 129 148 180 82 198 196 52 183 89 182 50 158 87 58 69 1 75 105 149 25 85 111 74 134 125 200 56 110 109 71 62 191 128 32 80 63 153 29 106 20 19 116 45 160 38 178 143 195 172 13 57 59 139 131 152 194 86 164 120 112 12 104 156 179 137 93 77 133 140 118 66 161 98 151 92 73 47 39 136 90 171 21 2 55 37 6 199 188 138 146 107 101 168 103 155 144 176 177 97 184 23 121 18 150 117 147 95 173 70 127 130 10 65 124 5 68 132 51 119 123 83 94 26 53 166 185 64 187 16 46 3 78 67 159 24 79 88 96 54 115 60 142 8 162 197 11 99 102 190 42 141 126 43 17 31 49 28 186 40 14 122 145 169 91 9 72 100 181 163 76 7 33 193 157 114 36 167 84 
179 150 141 22 183 74 25 37 193 159 79 55 165 68 144 184 103 106 81 160 200 191 199 138 195 83 118 143 145 135 113 27 3 156 26 161 52 176 194 188 93 46 53 198 137 120 45 112 20 100 80 18 64 44 42 8 31 127 123 180 92 94 128 181 147 114 32 97 9 162 65 166 15 154 99 17 58 169 23 104 33 71 136 139 152 187 41 19 116 89 5 95 50 140 51 1 34 148 117 190 129 21 12 173 178 66 157 61 177 108 7 48 168 151 119 101 189 49 134 122 88 105 196 14 84 87 24 124 175 11 78 132 90 163 75 153 73 67 149 170 111 60 133 85 186 77 16 29 38 69 115 59 158 43 102 109 121 167 192 35 91 30 47 62 70 10 164 185 63 4 172 13 146 36 110 86 174 107 54 98 171 76 39 197 6 182 56 125 155 28 82 131 72 130 57 142 2 40 96 126 
125 93 178 53 103 4 23 176 129 116 76 79 133 38 150 36 148 126 109 86 110 152 81 47 130 40 50 71 83 44 96 82 27 29 67 144 162 149 200 115 90 161 11 105 39 193 74 2 181 114 56 143 42 171 20 72 104 174 131 10 156 26 180 9 17 85 106 62 145 102 188 87 16 137 185 107 191 54 132 142 198 98 25 172 19 155 69 124 51 153 120 52 32 6 55 199 158 60 197 166 195 189 92 141 139 14 12 147 18 127 46 192 183 111 63 21 35 140 168 24 175 57 128 160 8 187 43 182 113 13 119 94 48 5 122 138 84 118 112 179 163 30 78 88 169 167 49 173 100 77 170 123 45 3 59 194 91 64 134 73 58 164 89 117 159 65 68 184 41 70 34 31 154 146 75 108 196 190 7 33 97 101 99 151 1 61 157 22 37 165 15 80 186 28 136 177 95 66 121 135 
66 21 140 93 60 102 22 58 151 187 169 175 28 179 16 31 125 42 84 74 41 198 144 158 12 32 115 47 106 83 34 123 119 153 129 148 62 104 17 157 167 61 10 116 128 149 86 164 163 9 33 130 69 65 5 45 38 192 51 194 7 82 154 101 76 4 57 127 85 137 183 50 186 126 190 95 26 156 94 19 78 80 59 64 165 181 15 2 146 166 27 88 49 35 178 56 67 6 135 63 43 98 124 134 1 114 13 53 14 71 24 162 29 191 48 109 108 18 52 39 141 103 132 180 30 189 133 142 174 143 161 120 96 184 89 73 110 150 23 70 20 81 46 99 188 172 79 40 87 97 75 68 138 131 112 171 176 193 185 36 122 182 113 199 44 55 152 3 136 195 54 105 77 145 92 196 107 168 111 121 91 177 11 37 200 117 147 25 139 159 155 170 118 90 100 173 8 72 160 197 
4 114 36 199 44 184 171 172 13 161 95 191 163 71 153 168 14 33 111 82 92 27 197 7 178 89 160 118 54 166 46 196 154 78 134 200 131 55 173 93 34 68 115 94 8 123 100 188 151 187 194 79 48 140 17 177 110 181 121 190 132 158 155 63 72 109 35 21 37 52 106 6 25 61 38 75 41 148 47 20 88 59 91 107 162 24 31 150 45 3 66 43 101 98 198 28 186 185 124 176 56 157 141 23 125 156 135 80 65 9 73 138 144 147 40 76 18 105 2 16 81 130 127 5 129 32 149 64 51 97 183 143 108 137 102 119 15 60 174 39 1 74 11 67 192 116 182 146 70 165 128 133 69 42 58 85 87 30 145 104 29 180 175 84 96 86 136 120 117 126 112 189 113 164 159 139 170 12 103 193 26 122 167 57 83 50 142 62 90 22 53 195 10 49 99 19 152 179 169 77 
190 163 109 58 36 28 62 15 1 106 127 59 167 134 165 11 42 69 125 131 112 51 120 79 63 37 22 147 88 133 86 77 44 172 180 178 41 93 31 107 21 154 56 175 155 6 129 85 146 148 166 45 3 183 75 91 25 189 60 27 122 50 103 173 78 153 187 105 67 7 52 30 43 150 171 200 17 195 110 199 197 130 2 12 111 97 10 47 142 102 98 71 74 29 48 141 145 40 143 144 139 160 135 84 49 95 198 34 126 119 14 191 149 177 24 64 38 179 32 164 169 158 137 116 20 114 121 16 61 115 90 124 89 152 185 53 100 140 156 83 113 96 194 73 19 68 157 5 108 80 87 94 181 159 70 66 54 46 161 184 117 57 99 35 186 174 162 151 192 128 138 72 81 170 176 132 168 92 101 23 65 182 9 118 76 188 39 136 33 104 193 196 55 18 13 4 82 123 26 8 
154 185 48 193 134 120 4 127 171 146 17 24 158 95 113 107 7 129 91 163 16 64 192 119 68 20 136 144 110 128 1 188 104 165 56 162 87 43 196 30 122 27 13 151 28 40 147 39 83 35 181 139 76 186 149 157 176 108 100 130 46 80 54 182 37 105 78 60 66 97 145 57 11 200 81 101 50 5 142 150 131 26 21 59 61 89 138 71 156 124 77 198 109 174 9 153 175 31 67 12 117 118 2 53 63 62 94 51 115 75 143 3 44 70 103 102 194 166 169 168 58 172 18 79 112 137 90 173 159 84 114 72 19 88 161 92 126 148 187 73 32 132 190 22 98 178 116 85 167 111 133 121 180 38 189 10 25 29 123 33 164 23 15 74 179 197 86 34 140 184 125 96 52 183 160 191 195 45 55 36 6 69 135 8 177 42 41 82 152 155 199 106 65 93 14 47 141 49 99 170 
141 145 29 176 34 82 41 97 46 13 93 11 61 54 121 193 172 80 85 188 116 139 86 90 111 104 110 38 56 42 92 127 117 183 162 57 89 23 125 178 142 48 95 69 68 171 9 182 156 45 71 159 7 119 198 158 65 20 53 164 187 78 87 179 192 197 96 132 24 26 126 59 151 73 169 184 63 112 123 44 21 1 27 154 76 66 136 175 40 157 165 109 135 163 72 91 36 128 101 94 60 18 147 67 98 196 49 74 200 194 150 4 146 52 5 77 137 58 133 19 134 12 15 177 149 25 83 100 8 106 118 22 6 17 55 152 122 2 39 31 108 120 181 113 114 16 174 99 102 170 191 107 88 14 180 186 70 199 143 32 168 37 131 167 33 190 51 160 166 173 10 185 195 124 140 30 79 75 35 161 50 189 62 47 138 129 81 84 130 43 28 115 103 3 153 105 144 64 148 155 
70 45 53 59 104 167 40 20 49 15 147 91 11 16 135 64 98 118 137 83 46 110 94 125 190 145 1 65 136 112 95 170 200 186 171 191 115 169 30 75 52 6 180 96 85 57 101 132 22 175 116 39 181 86 14 185 33 164 107 12 68 72 48 131 105 139 2 134 174 89 71 93 97 193 143 119 173 183 177 29 63 192 38 155 67 114 156 5 76 43 47 7 149 179 27 150 50 108 162 113 10 66 32 163 168 77 188 13 133 111 158 31 60 8 121 154 157 146 172 61 99 109 81 3 17 159 142 153 80 199 41 56 36 129 54 55 194 26 24 117 144 152 120 126 165 69 44 19 140 166 127 58 28 34 160 122 103 37 35 82 84 18 195 138 187 88 25 78 197 196 124 100 92 51 42 79 128 21 62 9 4 74 178 90 73 198 161 106 151 87 130 123 184 148 23 176 189 102 182 141 
33 148 137 186 77 153 142 36 160 49 135 96 181 187 192 180 74 170 171 56 177 17 189 71 45 68 196 191 40 132 149 15 31 34 41 154 185 121 126 39 100 127 164 92 124 85 198 162 111 66 146 25 50 128 143 54 141 195 188 156 62 93 114 20 53 130 83 27 200 84 155 21 76 117 157 147 193 65 1 81 44 42 23 51 106 109 169 12 104 47 2 103 167 19 78 175 24 165 120 64 57 86 79 166 38 138 32 168 144 60 18 183 67 7 14 43 90 174 89 197 91 87 16 22 48 129 173 131 172 113 150 99 152 158 182 194 163 178 108 95 8 184 159 59 119 73 55 13 122 151 72 145 123 70 61 136 140 26 118 112 11 161 134 107 88 98 5 30 37 176 115 63 190 46 105 28 110 101 139 80 29 102 116 82 97 199 179 3 6 52 10 9 94 4 69 125 58 75 35 133 
181 195 98 25 61 190 28 35 168 46 182 164 137 117 6 27 109 114 80 97 78 189 151 55 177 138 200 187 101 33 175 63 149 26 110 141 171 40 150 199 127 56 99 188 20 9 18 147 42 88 156 123 180 77 163 89 36 100 13 107 73 62 92 41 183 71 173 106 45 72 39 160 115 178 116 30 38 31 103 58 157 10 70 75 134 15 153 197 144 186 154 21 104 82 14 19 196 24 95 125 34 11 118 76 54 131 47 152 184 81 113 44 79 121 143 65 66 161 3 130 102 94 140 93 120 145 8 74 179 158 112 119 148 90 22 57 64 167 133 53 122 43 85 198 69 105 159 165 50 176 132 2 170 52 129 87 169 135 7 172 166 1 48 124 108 67 128 142 194 60 91 136 12 23 29 146 185 155 162 111 126 96 4 84 191 16 86 174 5 51 17 49 59 192 32 139 193 37 83 68 
71 158 131 94 52 178 126 10 43 124 136 93 55 28 21 89 91 5 19 151 58 69 154 172 65 17 7 83 64 150 45 85 182 105 200 86 76 189 87 173 33 57 51 78 130 127 118 170 72 146 113 84 108 138 194 47 49 92 82 191 34 139 112 24 157 196 26 161 147 132 59 117 48 56 188 31 110 61 129 177 155 9 20 62 99 185 23 29 32 100 102 97 183 156 13 35 107 8 3 36 174 25 121 40 148 193 46 181 171 159 168 179 166 1 30 125 15 42 38 119 18 80 167 109 187 134 44 70 152 12 60 50 88 180 53 114 27 73 22 145 135 63 104 142 66 6 75 41 123 133 101 184 160 169 103 175 116 11 74 2 141 106 67 122 77 4 186 140 98 190 165 81 197 37 195 137 111 39 120 176 68 79 199 163 115 54 14 149 143 198 164 162 128 96 95 144 153 90 192 16 
149 31 14 23 100 7 181 151 153 39 29 35 1 114 45 22 96 174 119 154 5 57 190 139 150 165 49 99 162 101 125 117 74 195 30 157 98 52 191 198 200 159 144 160 58 87 85 3 75 188 173 148 116 36 13 78 134 185 37 34 47 186 182 147 64 110 135 63 79 124 97 92 196 112 19 166 86 163 55 12 170 32 68 164 126 6 152 184 115 127 50 8 143 90 82 15 180 76 70 10 83 177 105 167 59 41 128 138 140 28 145 199 193 187 91 183 172 103 111 137 77 42 71 84 66 178 194 21 168 2 107 161 27 72 81 142 11 158 62 44 89 175 121 25 102 155 33 120 40 169 4 108 54 51 18 43 38 80 156 88 24 46 189 61 69 53 132 141 67 16 123 106 192 104 113 95 171 94 197 179 176 26 17 133 130 56 73 131 136 65 9 118 20 109 60 48 129 93 146 122 
188 154 96 80 176 173 32 166 121 163 110 34 47 131 140 72 82 65 5 141 123 94 90 15 76 2 88 44 184 168 160 26 1 8 181 175 147 41 46 149 27 50 130 195 21 66 12 133 7 180 60 56 127 103 185 40 89 102 48 120 95 85 13 57 87 200 134 164 129 197 148 174 132 146 53 150 199 58 69 113 112 19 187 91 115 37 107 179 14 81 54 125 159 25 124 177 20 119 9 191 198 68 93 29 151 135 28 86 108 153 62 64 24 75 114 74 16 190 22 162 178 10 193 92 109 33 11 192 52 144 111 182 23 84 45 139 157 78 186 77 55 128 171 145 30 142 39 196 63 158 156 167 31 165 98 71 97 38 106 49 51 105 3 17 79 136 170 43 138 100 126 6 59 61 137 169 194 116 161 183 189 172 42 104 67 122 155 70 118 99 83 152 36 101 35 143 73 117 4 18 
178 60 196 84 132 194 24 46 149 33 159 112 88 11 32 90 17 141 169 113 43 134 97 174 197 171 73 116 26 167 41 31 118 52 8 5 38 62 77 136 155 101 70 137 144 151 66 152 98 108 92 44 107 200 123 27 154 49 114 59 120 138 1 64 74 176 55 54 93 71 69 94 129 35 2 37 28 179 58 121 9 14 3 10 147 21 96 104 86 23 126 91 4 143 146 85 125 183 25 30 190 39 140 148 160 80 193 161 67 106 13 119 130 181 110 51 128 199 192 7 78 100 157 184 198 99 150 76 135 47 79 15 72 42 115 164 95 191 158 18 61 105 12 45 22 102 89 153 145 139 36 81 175 16 117 75 63 57 124 156 162 29 173 168 68 195 6 82 53 122 177 111 56 182 83 103 34 131 87 185 165 187 65 186 189 133 109 170 163 40 188 19 172 50 180 166 20 127 142 48 
146 99 33 37 74 84 100 112 76 139 67 115 141 188 197 54 195 51 150 194 114 138 124 22 186 163 53 20 94 50 16 86 179 49 199 102 43 13 121 170 144 97 101 8 89 11 57 177 136 143 27 70 91 80 110 117 21 60 140 169 191 47 85 154 66 167 182 135 125 183 159 96 55 173 105 71 81 168 68 36 175 133 45 40 157 93 130 142 52 73 26 176 90 122 29 180 134 151 32 156 15 171 63 87 3 184 172 19 82 131 72 185 126 164 196 46 104 116 12 192 79 189 4 198 2 127 77 160 78 178 35 145 109 107 92 88 190 123 128 14 44 9 152 75 132 62 200 118 48 7 187 30 129 39 119 153 98 111 166 181 149 6 5 193 120 106 155 38 103 137 59 28 161 17 147 56 18 61 42 58 162 158 165 113 23 1 69 41 95 174 64 108 148 25 83 10 24 65 34 31 
63 161 111 85 16 166 167 114 148 172 20 107 86 31 101 43 34 162 24 104 179 142 176 80 173 115 149 40 29 157 38 186 199 193 42 14 2 32 27 76 68 92 165 91 195 75 17 180 139 70 125 37 160 108 1 15 171 47 150 78 39 100 184 132 189 59 145 113 5 200 58 129 194 99 71 50 183 117 116 154 26 3 110 178 87 54 187 135 134 55 97 152 138 175 52 191 82 168 190 197 18 127 66 130 136 181 88 122 64 10 28 153 192 6 105 57 118 12 124 90 69 119 7 77 89 19 198 9 112 83 48 123 146 73 174 46 21 74 188 98 13 8 84 62 23 36 185 33 159 126 121 65 93 95 170 128 151 155 60 141 137 103 44 106 102 109 22 147 61 164 182 163 96 169 49 11 72 158 196 79 53 41 156 177 51 4 131 35 25 140 67 45 81 144 120 133 56 94 143 30 
112 118 23 89 26 60 189 98 156 129 9 84 135 190 141 88 150 76 123 31 45 168 49 64 152 42 4 115 93 90 24 13 127 185 197 165 144 161 122 133 124 21 173 58 37 48 179 157 82 32 128 35 120 19 78 114 97 72 177 167 172 81 160 7 40 107 108 142 30 143 44 16 136 28 92 15 55 101 137 182 178 132 51 146 41 140 2 85 130 66 96 83 110 46 153 193 95 198 8 131 149 109 74 34 53 52 164 3 87 186 151 184 73 100 104 75 50 106 57 166 63 62 174 188 25 65 126 105 200 22 69 134 71 103 180 116 1 27 77 36 5 181 111 117 17 162 148 169 199 194 43 67 29 176 147 196 195 183 39 158 155 61 139 113 59 159 80 6 18 154 56 91 171 192 163 70 54 191 11 170 145 125 47 94 14 79 10 99 187 68 12 86 102 38 121 175 33 119 20 138 
27 71 61 185 108 139 146 41 101 48 99 170 62 193 167 63 3 189 186 96 105 84 78 53 9 86 36 74 140 14 153 157 56 125 124 128 54 82 40 120 15 49 46 81 75 24 88 171 164 151 154 119 148 6 173 191 39 42 104 155 134 57 188 107 150 83 19 118 110 93 158 116 95 160 161 143 123 145 183 136 72 97 114 174 44 33 35 37 197 68 184 89 73 141 135 67 70 52 102 26 45 91 198 92 77 130 79 11 111 8 117 59 87 17 129 31 179 149 90 2 5 200 22 103 122 112 106 29 34 180 144 64 51 38 132 10 43 13 7 169 12 18 23 152 147 196 80 94 65 175 190 168 55 21 137 192 127 177 126 163 159 165 156 20 98 50 176 4 66 178 131 85 162 115 187 194 76 28 166 109 138 199 100 1 182 47 60 32 58 172 69 142 30 121 25 113 16 133 195 181 
57 122 38 100 182 126 1 18 141 166 75 82 132 162 186 143 124 172 134 129 10 187 148 59 101 8 89 155 49 84 138 125 65 5 60 139 9 46 12 41 137 157 88 191 45 15 76 31 6 178 160 135 121 66 161 83 14 73 168 114 71 156 63 56 165 42 58 98 128 119 28 115 195 74 112 145 146 34 189 185 92 136 183 39 154 164 105 180 54 184 91 32 19 85 69 27 177 159 173 77 70 198 117 171 64 103 17 151 197 62 163 68 194 36 52 152 192 48 30 81 196 7 102 110 199 118 29 108 67 53 142 107 123 25 127 93 106 175 95 109 90 188 51 16 193 99 72 130 133 104 147 174 153 61 44 140 111 150 22 170 87 131 33 23 149 181 190 79 144 55 11 97 24 20 21 26 4 13 40 47 169 179 78 86 80 43 167 50 94 35 176 113 3 2 116 37 120 96 200 158 
31 97 47 139 166 182 59 198 36 176 104 146 194 181 43 52 65 20 178 23 173 160 58 147 132 117 48 24 150 28 51 38 151 141 179 71 70 138 8 102 114 64 1 163 78 44 10 11 165 62 22 154 111 196 72 124 116 183 133 16 193 134 110 128 69 143 126 155 74 170 175 45 101 82 149 125 37 136 145 105 66 162 121 94 120 99 127 76 5 189 90 68 171 131 197 174 140 15 35 86 73 34 53 112 84 118 167 56 40 130 187 137 6 144 159 67 122 168 106 98 186 27 88 158 92 50 57 3 12 107 4 19 79 26 21 91 18 119 17 199 63 200 180 148 54 113 172 129 7 9 85 29 60 153 164 161 152 103 142 61 191 135 177 32 185 41 109 80 14 192 2 83 87 33 77 184 115 100 95 25 157 190 30 169 75 55 188 108 13 96 156 46 39 123 93 195 49 81 42 89 
